 
uint8_t Level_26[] = {
 
 22, 19,       // Map Size
 14,  5,  6,   // Player Pos
  0,  0,  0,   // Player 2 Pos
  0,  0,  0,   // Player 3 Pos
  0,  0,  0,   // Player 4 Pos
  0,  0,       // X, Y Offset
  1,  1,       // Allow X, Y Scrolling

// --------------------------------------------------------------------------------------
//  Map
//  
//     1    2    3    4    5    6    7    8    9   10   11   12   13   14   15   16   17   18   19   20   21

 50,  50,  50,  50,  50,  50,  50,  50,  50,  50,  50,  50,  50,  50,  50,  50,  50,  50,  50,  50,  50,  50  // 0
  5,   5,   4,   4,   4,   4,   4,   4,   4,   4,   4,   4,   4,   4,   4,   4,   4,   4,   4,   4,   5,   5  // 1   
  5,   6,  10,  10,  10,  10,  10,  10,  10,  10,  10,  10,  10,  10,  10,  10,  10,  10,  10,  10,   3,   5  // 2   
  5,   6,   0,   0,   0,   3,   5,   5,   5,   5,   5,   5,   5,   5,   5,   5,   6,   0,   0,   0,   3,   5  // 3   
  5,   6,   0,   0,   0,   3,   5,   4,   4,   8,  10,  10,   7,   4,   4,   5,   6,   0,   0,   0,   3,   5  // 4   
  5,   6,   0,   0,   0,   3,   6,  10,  10,  10,   0,   0,  10,  10,  10,   3,   6,   0,   0,   0,   3,   5  // 5   
  5,   6,   0,   0,   0,   3,   6,   0,   0,   0,   0,   0,   0,   0,   0,   3,   6,   0,   0,   0,   3,   5  // 6   
  5,   6,   0,   0,   0,   3,   8,   0,   0,   0,   0,   0,   0,   0,   0,   7,   6,   0,   0,   0,   3,   5  // 7   
  5,   6,   0,   0,   0,   1,  10,   0,   0,   1,   0,   0,   0,   0,   0,  10,   1,   0,   0,   0,   3,   5  // 8   
  5,   6,   0,   0,   0,   1,   0,   0,   7,   8,   0,   0,   0,   0,  16,   0,   1,   0,   0,   0,   3,   5  // 9   
  5,   6,   0,   0,   0,   3,   6,   0,  10,  10,   0,   0,   7,   8,  10,   3,   6,   0,   0,   0,   3,   5  // 10   
  5,   6,   0,   0,   0,   3,   6,  16,   0,   0,   0,   2,  10,  10,   0,   3,   6,   0,   0,   0,   3,   5  // 11  
  5,   6,   0,   0,   0,   3,   6,   9,   0,   0,   0,  18,   0,   0,   0,   3,   6,   0,   0,   0,   3,   5  // 12  
  5,   6,   0,   0,   0,   3,   6,   9,   3,   6,   0,  10,   3,   5,   5,   5,   6,   0,   0,   0,   3,   5  // 13  
  5,   6,   0,   0,   0,   3,   6,   9,   3,   5,   5,   5,   5,   5,   5,   5,   6,   0,   0,   0,   3,   5  // 14  
  5,   6,   0,   0,   0,   3,   6,   9,   3,   5,   5,   5,   5,   5,   5,   5,   6,   0,   0,   0,   3,   5  // 15  
  5,   6,   0,   0,   0,  10,  10,  10,  10,  10,  10,  10,  10,  10,  10,  10,  10,   0,   0,   0,   3,   5  // 16  
  5,   6,   0,   0,   0,   0,   0,   0,   0,   0,   0,   0,   0,   0,   0,   0,   0,   0,   0,   0,   3,   5  // 17  
  5,   5,   5,   5,   5,   5,   5,   5,   5,   5,   5,  50,  50,  50,  50,  50,  50,   5,   5,  50,  50,  50  // 18  
 

// Items

 1, 11,  6,  0,  0,    // 1 Rotator            
 1, 11,  8,  6,  0,    // 1 Rotator            
 2, 13,  8,  6,  0,    // 2 Rotator            
 3,  8,  7,  6,  0,    // 3 Rotator            
 1,  8, 12,  0,  0,    // 1 Rotator            
 7,  9,  5,  0,  0,    // 1x1 Block
 7, 10,  7,  0,  0,    // 1x1 Block
 7, 13,  5,  0,  0,    // 1x1 Block
 7, 14,  6,  0,  0,    // 1x1 Block
 7, 10, 12,  0,  0,    // 1x1 Block
 7, 13,  9,  0,  0,    // 1x1 Block
 7, 13, 11,  0,  0,    // 1x1 Block
 6,  3, 16,  0,  0,    // Stairs
 0,                   // End

};

