 
uint8_t Level_28[] = {
 
 20, 17,       // Map Size
 17,  2,  4,   // Player Pos
  0,  0,  0,   // Player 2 Pos
  0,  0,  0,   // Player 3 Pos
  0,  0,  0,   // Player 4 Pos
  0,  0,       // X, Y Offset
  1,  1,       // Allow X, Y Scrolling

// --------------------------------------------------------------------------------------
//  Map
//  
//     1    2    3    4    5    6    7    8    9   10   11   12   13   14   15   16   17   18   19   20  

 50,  50,  50,  50,  50,  50,  50,  50,  50,  50,  50,  50,  50,  50,  50,  50,  50,  50,  50,  50,   // 0
  5,   5,   5,   5,   4,   4,   4,   4,   4,   4,   4,   4,   4,   5,   5,   4,   4,   4,   5,   5,   // 1   
  5,   5,   5,   6,  18,  10,  10,  10,  10,  10,  10,  10,  10,   7,   8,  10,  10,  10,   3,   5,   // 2   
  5,   5,   5,   6,  10,   0,   0,   0,   0,   0,   0,   0,   0,  10,  10,   0,   0,   0,   3,   5,   // 3   
  5,   5,   5,   6,   0,   0,   0,   0,   0,   0,   0,   0,  11,  12,   0,   0,   0,   0,   3,   5,   // 4   
  5,   5,   5,   6,   0,   0,   0,   7,   5,   6,   0,   0,  10,   2,   0,   0,   0,   0,   3,   5,   // 5   
  5,   5,   5,   6,   0,   0,   0,  10,   7,   8,   0,   0,   0,  10,   0,  16,   0,   0,   3,   5,   // 6   
  5,   5,   5,   6,   0,   0,   0,   0,  10,  10,   0,   0,   0,   0,   0,  10,   0,   0,   3,   5,   // 7   
  5,   5,   5,   6,   0,   0,   0,   2,   0,   7,   8,  18,   7,   8,   0,   0,   0,   0,   3,   5,   // 8   
  5,   5,   5,   6,  16,   0,   0,  10,   0,  10,  10,  10,  15,  14,   0,   0,   0,   0,   3,   5,   // 9   
  5,   5,   5,   5,   6,   0,   3,   4,   8,   0,   3,   5,   6,  10,  16,   0,   2,   0,   3,   5,   // 10   
  5,   5,   5,   6,  10,   0,   2,  18,  10,   0,   3,   5,   8,   0,   9,   0,  15,  12,   3,   5,   // 11   
  5,   5,   5,   6,   0,   0,  10,  10,   0,   7,   4,   8,  10,   0,  10,   2,  10,  10,   3,   5,   // 12   
  5,   5,   6,  15,  12,   0,   0,  16,   0,  10,  10,  10,   0,  16,   0,  10,   0,  16,   3,   5,   // 13   
  5,   6,  10,  10,   9,   3,   5,   5,  50,  50,  50,  50,  50,  50,  50,  50,  50,  50,  50,  50,   // 14   
  5,   6,   0,   0,   3,   5,   5,   5,  50,  50,  50,  50,  50,  50,  50,  50,  50,  50,  50,  50,   // 15   
  5,   5,   5,   5,   5,   5,   5,   5,  50,  50,  50,  50,  50,  50,  50,  50,  50,  50,  50,  50,   // 16   
 

// Items

 2,  5,  5,  4,  0,    // 2 Rotator            
 3,  5,  7,  4,  0,    // 3 Rotator            
 1, 11,  3,  0,  0,    // 1 Rotator            
 3, 11,  5,  6,  0,    // 3 Rotator            
 2, 16,  5,  2,  0,    // 2 Rotator            
 7,  5,  2,  0,  0,    // 1x1 Block
 7,  4,  3,  0,  0,    // 1x1 Block
14,  7,  2,  0,  0,    // 2x2 Block
13,  7,  4,  0,  0,    // 2x1 Block
 7, 12,  5,  0,  0,    // 1x1 Block
13, 13,  6,  0,  0,    // 2x1 Block
 8, 16,  7,  0,  0,    // 1x2 Block
 7, 11,  7,  0,  0,    // 1x1 Block
 7, 14,  8,  0,  0,    // 1x1 Block
 7, 13, 11,  0,  0,    // 1x1 Block
14, 15,  3,  0,  0,    // 2x2 Block
 7, 16,  2,  0,  0,    // 1x1 Block
 7, 17,  3,  0,  0,    // 1x1 Block
14,  5, 12,  0,  0,    // 2x2 Block
 7,  7, 12,  0,  0,    // 1x1 Block
 7, 16, 13,  0,  0,    // 1x1 Block
 6,  2, 15,  0,  0,    // Stairs
 0,                    // End

};

