 
uint8_t Level_23[] = {
 
 18, 17,       // Map Size
 16,  2,  4,   // Player Pos
  0,  0,  0,   // Player 2 Pos
  0,  0,  0,   // Player 3 Pos
  0,  0,  0,   // Player 4 Pos
  0,  0,       // X, Y Offset
  1,  1,       // Allow X, Y Scrolling

// --------------------------------------------------------------------------------------
//  Map
//  
//     1    2    3    4    5    6    7    8    9   10   11   12   13   14   15   16   17   18   19   20  

 50,  50,  50,  50,  50,  50,  50,  50,  50,  50,  50,  50,  50,  50,  50,  50,  50,  50,   // 0
  5,   5,   5,   4,   4,   4,   4,   4,   4,   4,   4,   4,   4,   4,   4,   4,   4,   5,   // 1   
  5,   5,   6,  18,  10,  10,  10,  10,  10,  10,  10,  10,  10,  10,  10,  10,  10,   3,   // 2   
  5,   5,   6,  10,   2,   0,   0,   0,   0,   0,   0,   0,   0,   0,   0,   0,   3,   5,   // 3   
  5,   5,   6,   0,  18,   0,   0,   0,   0,   0,   0,   0,   0,   0,   0,   0,   3,   5,   // 4   
  5,   5,   6,   0,   9,  16,   0,   0,  11,  12,   0,  16,   0,   0,   0,   0,   3,   5,   // 5   
  5,   5,   6,   0,   9,   9,  16,   0,  10,  10,  16,  10,   0,   0,   0,   0,   3,   5,   // 6   
  5,   5,   6,   0,   0,   9,  10,   0,   0,  16,  10,   0,   0,   0,   0,   0,   3,   5,   // 7   
  5,   5,   6,   0,   0,   0,   2,   0,  16,  10,   0,   0,   0,   0,   0,   0,   3,   5,   // 8   
  5,   5,   6,   0,   0,   0,  10,   0,  10,  16,   0,   0,   0,  16,   2,   0,   3,   5,   // 9   
  5,   5,   6,   0,   0,   0,   0,   0,   0,  10,   0,   0,   0,   9,  15,   0,   3,   5,   // 10   
  5,   5,   6,   0,   0,   0,   0,   0,   0,   0,   0,   0,   0,  10,   0,   0,   3,   5,   // 11   
  5,   5,   5,   6,   0,   0,   1,   0,   0,   0,   0,   0,   0,   0,   0,   0,   3,   5,   // 12   
  5,   5,   6,  15,  17,  12,   3,   8,   0,   0,   0,   0,   0,   0,   0,   0,   3,   5,   // 13   
  5,   5,   8,   9,  10,   7,   6,  10,   0,   0,   0,   0,   0,   0,   0,   0,   3,   5,   // 14   
  5,   6,  10,   9,  12,  10,   1,   0,   0,   0,   0,  18,   0,   0,   0,  18,   3,   5,   // 15   
  5,   5,   5,   5,   5,   5,   5,   5,   5,  50,  50,  50,  50,  50,  50,  50,  50,  50,   // 16  
 

// Items


 1,  5,  3,  2,  0,    // 1 Rotator            
 1, 10,  2,  4,  0,    // 1 Rotator            
 2, 13,  3,  6,  0,    // 2 Rotator            
 2, 10,  4,  4,  0,    // 2 Rotator            
 2, 14,  4,  2,  0,    // 2 Rotator            
 1, 12,  5,  4,  0,    // 1 Rotator            
 1, 15,  7,  6,  0,    // 1 Rotator            
 2,  6, 10,  2,  0,    // 2 Rotator            
 2,  9, 10,  2,  0,    // 2 Rotator            
 2, 12, 10,  6,  0,    // 2 Rotator            
 1,  4,  8,  2,  0,    // 1 Rotator            
 2,  9, 13,  6,  0,    // 2 Rotator            
 2,  9, 15,  0,  0,    // 2 Rotator            
 1, 14, 13,  6,  0,    // 1 Rotator            
13,  7,  3,  0,  0,    // 2x1 Block
 7,  6,  2,  0,  0,    // 1x1 Block
 7,  6,  4,  0,  0,    // 1x1 Block
 8,  4,  9,  0,  0,    // 1x2 Block
 7, 11,  3,  0,  0,    // 1x1 Block
 9, 13,  5,  0,  0,    // 1x3 Block
 7, 14,  6,  0,  0,    // 1x1 Block
14, 10,  7,  0,  0,    // 2x2 Block
 7,  7,  9,  0,  0,    // 1x1 Block
13,  3,  7,  0,  0,    // 2x1 Block
 7, 11, 13,  0,  0,    // 1x1 Block
13, 11, 14,  0,  0,    // 2x1 Block
 7, 12, 15,  0,  0,    // 1x1 Block
 8, 12, 12,  0,  0,    // 1x2 Block
 7, 14,  8,  0,  0,    // 1x1 Block
 8, 14, 11,  0,  0,    // 1x2 Block
 7, 14, 14,  0,  0,    // 1x1 Block
 9, 15, 12,  0,  0,    // 1x3 Block
 6,  2, 15,  0,  0,    // Stairs
 0,                    // End

};

