 
uint8_t Level_21[] = {

 21, 14,       // Map Size
 19,  7,  4,   // Player Pos
  0,  0,  0,   // Player 2 Pos
  0,  0,  0,   // Player 3 Pos
  0,  0,  0,   // Player 4 Pos
  0,  0,       // X, Y Offset
  1,  1,       // Allow X, Y Scrolling


// --------------------------------------------------------------------------------------
//  Map
//  
//     1    2    3    4    5    6    7    8    9   10   11   12   13   14   15   16   17   18   19   20     

 50,  50,  50,  50,  50,  50,  50,  50,  50,  50,  50,  50,  50,  50,  50,  50,  50,  50,  50,  50,  50, // 0   
  5,   5,   4,   4,   4,   4,   5,   5,   5,   5,   5,   5,   5,   5,   4,   4,   4,   4,   4,   4,   5, // 1   
  5,   6,  10,  10,  10,  10,   7,   4,   4,   4,   4,   4,   4,   8,  10,  10,  10,  10,  10,  10,   3, // 2   
  5,   6,   0,   0,   0,   0,  10,  10,  10,  10,  10,  10,  10,  10,   0,   0,   0,   0,   0,   0,   3, // 3   
  5,   6,   0,   0,   0,   0,   3,   5,   5,   5,   5,   5,   5,   8,   0,   0,   0,   0,   0,   0,   3, // 4   
  5,   5,   4,   4,   4,   4,   4,   4,   4,   4,   4,   4,   8,  10,   0,   0,   0,   0,   0,   0,   3, // 5   
  5,   6,  10,  10,  10,  10,  15,  13,  13,  13,  13,  13,  14,   0,   0,   0,   0,   0,   0,   0,   3, // 6   
  5,   6,   0,   0,   0,   0,   9,   9,   9,   9,   9,   9,   9,   0,   0,   0,   0,   0,   0,   0,   3, // 7   
  5,   6,   0,   0,   0,   0,   9,   9,   9,   9,   9,   9,   9,   0,   0,   0,   0,   0,   0,   0,   3, // 8   
  5,   5,   4,   4,   4,   4,   5,   5,   5,   5,   5,   5,   5,   8,   0,   0,   0,   0,   0,   0,   3, // 9   
  5,   6,  10,  10,  10,  10,   7,   4,   4,   4,   4,   4,   8,  10,   0,   0,   0,   0,   0,   0,   3, // 10   
  5,   6,   0,   0,   0,   0,  10,  10,  10,  10,  10,  10,  10,   0,   0,   0,   0,   0,   0,   0,   3, // 11  
  5,   6,   0,   0,   0,   0,   3,   5,   5,   5,   5,   5,   6,   0,   0,   0,   0,   0,   0,   0,   3, // 12  
  5,   5,   5,   5,   5,   5,   5,   5,   5,   5,   5,   5,   5,   5,   5,   5,   5,   5,   5,   5,   5, // 13  
 

// Items

 2, 14,  5,  2,  0,     // 5 2 Rotator            
 2, 19,  5,  4,  0,     // 5 2 Rotator            
 2, 14, 10,  0,  0,     // 5 2 Rotator            
 2, 19, 10,  6,  0,     // 5 2 Rotator            
13,  9,  3,  0,  0,     // 2x1 Block
13,  9, 11,  0,  0,     // 2x1 Block
20, 16,  6,  0,  0,     // 3X3 Block
13,  4,  6,  0,  0,     // 2x1 Block
13,  4,  7,  0,  0,     // 2x1 Block
13,  4,  8,  0,  0,     // 2x1 Block
 6,  2,  7,  0,  0,     // Stairs
 0,                     // End

};

