 
uint8_t Level_22[] = {
 
 18, 12,       // Map Size
 16,  6,  4,   // Player Pos
  0,  0,  0,   // Player 2 Pos
  0,  0,  0,   // Player 3 Pos
  0,  0,  0,   // Player 4 Pos
  0,  0,       // X, Y Offset
  1,  1,       // Allow X, Y Scrolling

// --------------------------------------------------------------------------------------
//  Map
//  
//     1    2    3    4    5    6    7    8    9   10   11   12   13   14   15   16   17

 50,  50,  50,  50,  50,  50,  50,  50,  50,  50,  50,  50,  50,  50,  50,  50,  50,  50,   // 0    
  5,   5,   5,   4,   4,   4,   4,   4,   4,   5,   4,   4,   4,   4,   4,   4,   5,   5,   // 1   
  5,   5,   8,  10,  10,  10,  10,  10,  10,   1,  10,  10,  10,  10,  10,  10,   3,   5,   // 2   
  5,   6,  10,   0,   0,   0,   0,   0,   0,   1,   0,   0,   0,   0,   0,   0,  10,   3,   // 3   
  5,   6,   0,   0,   0,   0,   0,   0,   0,   1,  16,   0,   0,   0,   1,   0,   0,   3,   // 4   
  5,   6,   0,   0,   0,   0,   0,   0,   0,   2,   9,   1,   0,   0,   1,   0,   0,   3,   // 5   
  5,   6,   0,   0,   0,   0,   0,   0,   0,  10,  10,   2,   0,  16,   2,   0,   0,   3,   // 6   
  5,   6,   0,   0,   0,   0,   0,   0,   0,   1,  16,  10,   0,   2,  10,   0,   0,   3,   // 7   
  5,   6,   0,   0,   0,   0,   0,   0,   0,   1,   9,   0,   0,  10,   0,   0,   0,   3,   // 8   
  5,   6,   0,   0,   0,   0,   0,   0,   0,   1,  10,  16,   0,   0,   0,   0,   0,   3,   // 9   
  5,   5,   6,   0,   0,   0,   0,   0,   0,   1,   0,  10,   0,   0,   0,   0,   3,   5,   // 10   
  5,   5,   5,   5,   5,   5,   5,   5,  50,  50,  50,  50,  50,  50,  50,  50,  50,  50,   // 11  
 

// Items

16, 12,  2,  0,  0,    // 3x1 Block
16, 11, 11,  0,  0,    // 3x1 Block
13, 12,  5,  0,  0,    // 2x1 Block
 7, 13,  4,  0,  0,    // 1x1 Block
 7, 15, 10,  0,  0,    // 1x1 Block
 8, 15,  8,  0,  0,    // 1x2 Block
16, 11, 10,  0,  0,    // 3x1 Block
 6,  5,  6,  0,  0,    // Stairs
 0,                    // End

};

