 
uint8_t Level_29[] = {
 
 21, 12,      // Map Size
 18,  6, 4,   // Player Pos
  0,  0, 0,   // Player 2 Pos
  0,  0, 0,   // Player 3 Pos
  0,  0, 0,   // Player 4 Pos
  0,  0,      // X, Y Offset
  1,  1,      // Allow X, Y Scrolling

// ----------------------------------------------------------------------------------------------------
//  Map
//  
//     1    2    3    4    5    6    7    8    9   10   11   12   13   14   15   16   17   18   19   20

 50,  50,  50,  50,  50,  50,  50,  50,  50,  50,  50,  50,  50,  50,  50,  50,  50,  50,  50,  50,  50,   // 0    
  5,   5,   5,   4,   4,   4,   4,   4,   4,   4,   4,   5,   4,   4,   4,   4,   4,   4,   5,   5,   5,   // 1   
  5,   6,  15,  13,  13,  13,  13,  13,  13,  13,  14,   1,  15,  14,  10,  10,  10,  10,   3,   5,   5,   // 2   
  5,   6,   9,   9,   9,   9,   9,   9,   9,   2,   9,   1,  10,  10,   0,   0,   0,   0,   3,   5,   5,   // 3   
  5,   6,   9,   9,   9,   2,   9,   9,   9,  18,   9,   2,   0,   0,   0,   0,   0,   0,   7,   4,   5,   // 4   
  5,   6,   9,   9,   9,  18,   2,   9,   9,   9,   9,  10,   0,   0,   0,   0,   0,   0,  10,  10,   3,   // 5   
  5,   6,   0,   9,   2,   9,  18,   9,   9,   9,   9,   0,   0,   0,   0,   0,   0,   0,   0,   0,   3,   // 6   
  5,   6,  18,   9,  18,   9,   2,   9,   9,   9,   9,   0,   0,   0,   0,   0,   0,   0,   0,   0,   3,   // 7   
  5,   6,   9,   9,   9,   2,  18,   9,   9,   9,   9,   1,   0,   0,   0,   0,   0,   0,   3,   5,   5,   // 8   
  5,   6,   9,   9,   9,  18,   9,   9,   9,   2,   9,   1,   0,   0,   0,   0,   0,   0,   3,   5,   5,   // 9   
  5,   6,   9,   9,   9,   9,   9,   9,   9,  18,   9,   1,  11,  12,   0,   0,   0,   0,   3,   5,   5,   // 10   
  5,   5,   5,   5,   5,   5,   5,   5,   5,   5,  50,  50,  50,  50,  50,  50,  50,  50,  50,  50,  50,   // 11  
 

// Items

 7, 11,  5,  0,  0,    // 1x1 Block
 7, 11,  7,  0,  0,    // 1x1 Block
 8, 13,  3,  0,  0,    // 1x2 Block
16, 12,  5,  0,  0,    // 3x1 Block
13, 12,  6,  0,  0,    // 2x1 Block
16, 12,  7,  0,  0,    // 3x1 Block
 8, 13,  8,  0,  0,    // 1x2 Block
 7, 14,  2,  0,  0,    // 1x1 Block
 7, 14, 10,  0,  0,    // 1x1 Block
 7, 16,  2,  0,  0,    // 1x1 Block
 7, 16,  3,  0,  0,    // 1x1 Block
13, 15,  4,  0,  0,    // 2x1 Block
 9, 16,  5,  0,  0,    // 1x3 Block
13, 15,  8,  0,  0,    // 2x1 Block
 7, 16,  9,  0,  0,    // 1x1 Block
 7, 16, 10,  0,  0,    // 1x1 Block
 7, 18,  5,  0,  0,    // 1x1 Block
 7, 18,  7,  0,  0,    // 1x1 Block
 6,  2,  6,  0,  0,    // Stairs
 0,                    // End

};

