 
uint8_t Level_09[] = {

 21, 11,       // Map Size
 15,  5,  6,   // Player Pos
 15,  3,  6,   // Player 2 Pos
  0,  0,  0,   // Player 3 Pos
  0,  0,  0,   // Player 4 Pos
  0,  0,       // X, Y Offset
  1,  0,       // Allow X, Y Scrolling

// --------------------------------------------------------------------------------------
//  Map
//  
//     1    2    3    4    5    6    7    8    9   10   11   12   13   14   15   16   17   18   19   20

 50,  50,  50,  50,  50,  50,  50,  50,  50,  50,  50,  50,  50,  50,  50,  50,  50,  50,  50,  50,  50,    // 0    
  5,   5,   4,   4,   4,   4,   4,   4,   4,   4,   4,   4,   4,   4,   4,   4,   4,   4,   4,   5,   5,    // 1   
  5,   6,  10,  10,  10,  10,  10,  10,  10,  10,  10,  10,  10,  10,  10,  10,  10,  10,  10,   3,   5,    // 2
  5,   6,   0,   0,   0,   0,   0,   0,   0,   0,   0,   0,   0,   0,   0,   0,   0,   0,   0,   3,   5,    // 3
  5,   6,   0,   0,   0,   0,   0,   0,   0,   0,   0,   0,   0,   0,   0,   0,   0,   0,   0,   3,   5,    // 4
  5,   6,   0,   0,   0,   0,   0,   0,   0,   0,   0,   0,   0,   0,   0,   0,   0,   0,   0,   3,   5,    // 5
  5,   6,   0,   0,   0,   0,   0,   0,   0,   0,   0,   0,   0,   0,   0,   0,   0,   0,   0,   3,   5,    // 6
  5,   6,   0,   0,   0,   0,   0,   0,   0,   0,   0,   0,   0,   0,   0,   0,   0,   0,   0,   3,   5,    // 7
  5,  5,   5,   5,   5,   5,   50,  50,  50,  50,  50,  50,  50,  50,  50,  50,  50,  50,  50,  50,  50,    // 8    
 50,  50,  50,  50,  50,  50,  50,  50,  50,  50,  50,  50,  50,  50,  50,  50,  50,  50,  50,  50,  50,    // 9    
 50,  50,  50,  50,  50,  50,  50,  50,  50,  50,  50,  50,  50,  50,  50,  50,  50,  50,  50,  50,  50,    // 10    

// Items

 2,  7,  3,  6,  0,     // 3 Rotator             
 2,  7,  6,  4,  0,     // 3 Rotator             
 2,  8,  4,  4,  0,     // 3 Rotator             
 2, 10,  5,  0,  0,     // 3 Rotator             
 2,  9,  3,  0,  0,     // 3 Rotator             
 2,  9,  6,  2,  0,     // 3 Rotator             
 6,  3,  6,  0,  0,     // Stairs
 0,                     // End

};

