 
uint8_t Level_24[] = {
 
 21, 16,       // Map Size
 19,  8,  6,   // Player Pos
  0,  0,  0,   // Player 2 Pos
  0,  0,  0,   // Player 3 Pos
  0,  0,  0,   // Player 4 Pos
  0,  0,       // X, Y Offset
  1,  1,       // Allow X, Y Scrolling

// --------------------------------------------------------------------------------------
//  Map
//  
//     1    2    3    4    5    6    7    8    9   10   11   12   13   14   15   16   17   18   19   20  

 50,  50,  50,  50,  50,  50,  50,  50,  50,  50,  50,  50,  50,  50,  50,  50,  50,  50,  50   50,  50,  // 0
  5,   5,   5,   5,   4,   4,   4,   4,   4,   4,   4,   4,   4,   4,   4,   4,   4,   5,   5    5,   5,  // 1   
  5,   5,   5,   6,  10,  10,  10,  10,  10,  10,  10,  10,  10,  10,  10,  10,  10,   3,   5    5,   5,  // 2   
  5,   5,   5,   6,   0,   0,   0,   0,   0,   0,   0,   0,   0,   0,   0,   0,   0,   3,   5    5,   5,  // 3   
  5,   5,   5,   8,   0,   0,   0,   0,   0,   0,   0,   0,   0,   0,   0,   0,   0,   7,   5    5,   5,  // 4   
  5,   5,   6,  10,   0,   0,   0,   0,   0,   0,   0,   0,   0,   0,   0,   0,   0,  10,   3    5,   5,  // 5   
  5,   5,   6,   0,   0,   0,   0,   0,   0,   0,   0,   0,   0,   0,   0,   0,   0,   0,   3    5,   5,  // 6   
  5,   5,   8,   0,   0,   0,   0,   0,   0,   0,   0,   0,   0,   0,   0,   0,   0,   0,   7    4,   5,  // 7   
  5,   6,  10,   0,   0,   0,   2,   0,   0,   0,   0,   0,   0,   0,   0,   0,   0,   0,  10   10,   3,  // 8   
  5,   5,   6,   0,   0,   0,  10,   0,   0,   0,   0,   0,   0,   0,   0,   0,   0,   0,   3    5,   5,  // 9   
  5,   5,   6,   0,   0,   0,   0,   0,   0,   0,   0,   0,   0,   0,   0,   0,   0,   0,   3    5,   5,  // 10   
  5,   5,   6,   0,   0,   0,   0,   0,   0,   0,   0,   0,   0,   0,   0,   0,   0,   0,   3    5,   5,  // 11   
  5,   5,   5,   6,   0,   0,   0,   0,   0,   0,   0,   0,   0,   0,   0,   0,   0,   3,   5    5,   5,  // 12   
  5,   5,   5,   6,   0,   0,   0,   0,   0,   0,   0,   0,   0,   0,   0,   0,   0,   3,   5    5,   5,  // 13   
  5,   5,   5,   6,   0,   0,   0,   0,   0,   0,   0,   0,   0,   0,   0,   0,   0,   3,   5    5,   5,  // 14   
  5,   5,   5,   5,   5,   5,   5,   5,   5,   5,  50,  50,  50,  50,  50,  50,  50,  50,  50   50,   5,  // 15  
 

// Items




 2,  4,  3,  2,  0,    // 2 Rotator            
 2,  7,  2,  2,  0,    // 2 Rotator            
 2,  9,  3,  2,  0,    // 2 Rotator            
 1, 11,  3,  0,  0,    // 1 Rotator            
 1, 13,  3,  0,  0,    // 1 Rotator            
 2, 15,  3,  4,  0,    // 2 Rotator            
 2, 15,  6,  0,  0,    // 2 Rotator            
 2,  9,  6,  6,  0,    // 2 Rotator            
 3, 11,  5,  2,  0,    // 3 Rotator            
 3, 11,  8,  6,  0,    // 3 Rotator            
 3, 11, 11,  2,  0,    // 3 Rotator            
 1, 11, 13,  4,  0,    // 1 Rotator  
 2, 13,  7,  6,  0,    // 2 Rotator            
 1, 14,  8,  2,  0,    // 1 Rotator            
 2, 13,  9,  4,  0,    // 2 Rotator
 2, 15, 10,  2,  0,    // 2 Rotator            
 2, 15, 13,  6,  0,    // 2 Rotator            
 1, 13, 13,  4,  0,    // 1 Rotator
 2,  9, 10,  4,  0,    // 2 Rotator 
 2,  9, 13,  0,  0,    // 2 Rotator 
 2,  7, 14,  0,  0,    // 2 Rotator 
 2,  4, 13,  0,  0,    // 2 Rotator
 7,  7,  4,  0,  0,    // 1x1 Block
 7,  7,  7,  0,  0,    // 1x1 Block
 7,  9,  7,  0,  0,    // 1x1 Block
 7,  8,  8,  0,  0,    // 1x1 Block
 7,  9,  8,  0,  0,    // 1x1 Block
 7,  7,  9,  0,  0,    // 1x1 Block
 7,  9,  9,  0,  0,    // 1x1 Block
 7,  7, 12,  0,  0,    // 1x1 Block
14,  4,  6,  0,  0,    // 2x2 Block
14,  6,  5,  0,  0,    // 2x2 Block
14,  6, 10,  0,  0,    // 2x2 Block
14,  4,  9,  0,  0,    // 2x2 Block
 7, 17,  6,  0,  0,    // 1x1 Block
 7, 16,  7,  0,  0,    // 1x1 Block
 7, 16,  8,  0,  0,    // 1x1 Block
 7, 16,  9,  0,  0,    // 1x1 Block
 7, 17, 10,  0,  0,    // 1x1 Block
 6,  2,  8,  0,  0,    // Stairs
 0,                    // End

};

