 
uint8_t Level_14[] = {

 19, 14,       // Map Size
  3,  4,  4,   // Player Pos
  0,  0,  4,   // Player 2 Pos
  0,  0,  0,   // Player 3 Pos
  0,  0,  0,   // Player 4 Pos
  0,  0,       // X, Y Offset
  1,  1,       // Allow X, Y Scrolling

// --------------------------------------------------------------------------------------
//  Map
//  
//     1    2    3    4    5    6    7    8    9   10   11   12   13   14   15   16   17   18

 50,  50,  50,  50,  50,  50,  50,  50,  50,  50,  50,  50,  50,  50,  50,  50,  50,  50,  50,  // 0    
  5,   5,   5,   5,   5,   5,   5,   4,   4,   4,   5,   5,   5,   4,   4,   4,   5,   5,   5,  // 1   
  5,   5,   4,   4,   4,   5,   6,  10,  10,  10,   7,   4,   8,  10,  10,  10,   7,   4,   5,  // 2   
  5,   6,  10,  10,  10,   7,   8,   0,   0,   0,  10,  10,  10,   0,   1,   0,  10,  10,   3,  // 3   
  5,   6,   0,   0,   0,  10,  10,   0,   0,   0,   2,   0,   0,   0,   2,   0,   0,   0,   3,  // 4   
  5,   6,   0,   0,   0,   3,   5,   5,   6,   0,  10,   0,   0,   0,  10,   0,   0,   0,   3,  // 5   
  5,   5,   5,   5,   5,   5,   5,   4,   8,   0,   1,   0,   7,   4,   4,   5,   6,   0,   3,  // 6   
  5,   5,   5,   5,   5,   5,   6,  10,  10,   0,   1,   0,  10,  10,  10,   7,   8,   0,   3,  // 7   
  5,   5,   5,   5,   5,   5,   6,   0,   0,   0,   2,   0,   0,   0,   0,  10,  10,   0,   3,  // 8   
  5,   5,   4,   4,   4,   5,   6,   0,   0,   0,  10,   0,   0,   0,   0,   0,   0,   3,   5,  // 9
  5,   6,  10,  10,  10,   7,   8,   0,   2,   0,   7,   5,   6,   0,   0,   0,   0,   3,   5,  // 10   
  5,   6,   0,   0,   0,  18,  10,   0,  10,   0,  10,   3,   5,   5,   5,   5,   5,   5,   5,  // 11  
  5,   6,   0,   0,   0,   3,   5,   6,   0,   0,   0,   3,   5,   5,   5,   5,   5,   5,   5,  // 12  
  5,   5,   5,   5,   5,   5,   5,   5,   5,   5,   5,   5,   5,   5,   5,   5,   5,   5,   3,  // 13  

// Items

 3,  8,  3,  4,  0,    // 3 Rotator    
 2, 12,  4,  4,  0,    // 2 Rotator          
 2,  8,  8,  0,  0,    // 2 Rotator            
 3, 12,  8,  2,  0,    // 3 Rotator          
 4, 16,  4,  2,  0,    // 4 Rotator           
 4, 15,  9,  2,  0,    // 4 Rotator           
 7, 14,  5,  0,  0,    // 1x1 Block
 6,  3, 11,  0,  0,    // Stairs
 0,                    // End

};

