 
uint8_t Level_20[] = {

 18, 11,       // Map Size
 10,  2,  4,   // Player Pos
  0,  0,  0,   // Player 2 Pos
  0,  0,  0,   // Player 3 Pos
  0,  0,  0,   // Player 4 Pos
  0,  0,       // X, Y Offset
  1,  1,       // Allow X, Y Scrolling

// --------------------------------------------------------------------------------------
//  Map
//  
//     1    2    3    4    5    6    7    8    9   10   11   12   13   14   15   16   17     

 50,  50,  50,  50,  50,  50,  50,  50,  50,  50,  50,  50,  50,  50,  50,  50,  50,  50,  // 0   
  5,   5,   5,   5,   5,   5,   4,   4,   4,   4,   4,   4,   4,   4,   5,   5,   5,   5,  // 1   
  5,   5,   5,   5,   5,   6,  10,  10,  10,  10,  10,  10,  10,  10,   3,   5,   5,   5,  // 2   
  5,   5,   5,   5,   5,   6,   0,   0,   0,   0,   0,   0,   0,   0,   3,   5,   5,   5,  // 3   
  5,   5,   5,   5,   5,   6,   0,   0,   0,   0,   0,   0,   0,   0,   3,   5,   5,   5,  // 4   
  5,   5,   5,   5,   5,   5,   6,   0,   0,   7,   4,   8,   0,   0,   3,   5,   5,   5,  // 5   
  5,   5,   5,   5,   5,   6,  10,   0,   0,  10,  10,  10,   0,   0,   3,   5,   5,   5,  // 6   
  5,   5,   5,   5,   5,   6,   0,   0,   0,   0,   0,   0,   0,   0,   3,   5,   5,   5,  // 7   
  5,   5,   5,   5,   5,   6,   0,   0,   3,   8,   0,   0,   0,   0,   3,   5,   5,   5,  // 8   
  5,   5,   5,   5,   5,   6,   0,   0,   1,  10,  11,  12,   0,   0,   3,   5,   5,   5,  // 9   
  5,   5,   5,   5,   5,   5,   5,   5,   5,   5,   5,   5,   5,   5,   5,   5,   5,   5,  // 10   
 
// Items

13,  9,  3,  0,  0,   // 2x1 Block
16,  7,  6,  0,  0,   // 3x1 Block
16, 10,  6,  0,  0,   // 3x1 Block
 6,  9,  9,  0,  0,   // Stairs
 0,                   // End

};

