 
uint8_t Level_27[] = {
 
 20, 17,       // Map Size
  4,  7,  4,   // Player Pos
  7,  7,  4,   // Player 2 Pos
 10,  7,  4,   // Player 3 Pos
 13,  7,  4,   // Player 4 Pos
  0,  0,       // X, Y Offset
  1,  1,       // Allow X, Y Scrolling

// --------------------------------------------------------------------------------------
//  Map
//  
//     1    2    3    4    5    6    7    8    9   10   11   12   13   14   15   16   17   18   19   20   21

 50,  50,  50,  50,  50,  50,  50,  50,  50,  50,  50,  50,  50,  50,  50,  50,  50,  50,  50,  50  // 0
  5,   5,   5,   4,   5,   5,   5,   5,   5,   4,   4,   5,   5,   4,   5,   4,   4,   4,   5,   5  // 1   
  5,   5,   8,  10,   7,   4,   4,   4,   8,  10,  10,   7,   8,  10,   2,  10,  10,  10,   3,   5  // 2   
  5,   6,  10,   0,  10,  10,  10,  10,  10,   0,   0,  10,  10,   0,  18,   0,   0,   0,   3,   5  // 3   
  5,   6,   0,   0,   0,   0,   0,   0,   0,   0,   0,   0,   0,   0,   1,   0,   0,   0,   3,   5  // 4   
  5,   6,   0,   0,   0,   0,   0,   0,   0,   0,   0,   0,   0,   0,   1,   0,   0,   0,   3,   5  // 5   
  5,   6,   0,   0,   0,   0,   0,   0,   0,   0,   0,   0,   0,   0,   1,   0,   0,   0,   3,   5  // 6   
  5,   6,   0,   0,   0,   0,   0,   0,   0,   0,   0,   0,   0,   0,   1,   0,   0,   0,   3,   5  // 7   
  5,   6,   0,   0,   0,   0,   0,   0,   0,   0,   0,   0,   0,   0,   1,   0,   0,   0,   3,   5  // 8   
  5,   6,   0,   0,   0,   0,   0,   0,   0,   0,   0,   0,   0,   0,   1,   0,   0,   0,   3,   5  // 9   
  5,   6,   0,   0,   0,   0,   0,   0,   0,   0,   0,   0,   0,   0,   1,   0,   0,   0,   3,   5  // 10   
  5,   6,   0,   0,   0,   0,   0,   0,   0,   0,   0,   0,   0,   0,   1,   0,   0,   0,   3,   5  // 11   
  5,   6,   0,   0,   0,   0,   0,   0,   0,   0,   0,   0,   0,   0,   1,   0,   0,   0,   3,   5  // 12  
  5,   6,   0,   0,   0,   0,   0,   0,   0,   0,   0,   0,   0,   0,   1,   0,   0,   0,   3,   5  // 13  
  5,   6,   0,   0,   0,   0,   0,   0,   0,   0,   0,   0,   0,   0,   1,   0,   0,   0,   3,   5  // 14  
  5,   5,   5,   6,   0,   1,   0,   0,   3,   5,   5,   6,   0,   0,   1,   0,   0,   0,   3,   5  // 15  
  5,   5,   5,   5,   5,   5,   5,   5,   5,   5,  50,  50,  50,  50,  50,  50,   5,  50,  50,  50  // 16  
 
// Items

 2,  6, 14,  0,  0,    // 2 Rotator            
 2,  9,  3,  2,  0,    // 2 Rotator            
 2, 12, 14,  0,  0,    // 2 Rotator            
 7,  3, 13,  0,  0,    // 1x1 Block
21,  5,  3,  0,  0,    // 1x11 Block
21,  8,  4,  0,  0,    // 1x11 Block
21, 11,  3,  0,  0,    // 1x11 Block
 6, 16, 14,  0,  0,    // Stairs
 0,                    // End

};

