 
uint8_t Level_25[] = {
 
 18, 18,       // Map Size
  3,  3,  6,   // Player Pos
  0,  0,  0,   // Player 2 Pos
  0,  0,  0,   // Player 3 Pos
  0,  0,  0,   // Player 4 Pos
  0,  0,       // X, Y Offset
  1,  1,       // Allow X, Y Scrolling

// --------------------------------------------------------------------------------------
//  Map
//  
//     1    2    3    4    5    6    7    8    9   10   11   12   13   14   15   16   170  

 50,  50,  50,  50,  50,  50,  50,  50,  50,  50,  50,  50,  50,  50,  50,  50,  50,  50  // 0
  5,   5,   5,   5,   5,   5,   5,   5,   5,   5,   5,   4,   4,   5,   5,   5,   5,   5  // 1   
  5,   5,   5,   4,   4,   4,   4,   4,   4,   4,   8,  10,  10,   3,   5,   5,   5,   5  // 2   
  5,   5,   6,  10,  10,  10,  10,  10,  10,  10,  10,  11,  12,   3,   5,   5,   5,   5  // 3   
  5,   5,   6,   0,   0,   0,   0,   0,   0,   0,   2,  10,  10,   3,   5,   5,   5,   5  // 4   
  5,   5,   6,   0,   0,   0,   0,   0,   1,   0,  10,   2,   0,   3,   5,   5,   5,   5  // 5   
  5,   5,   6,   0,   0,   0,   0,   0,   2,   0,   0,  10,   0,   3,   5,   5,   5,   5  // 6   
  5,   5,   6,   0,   0,  16,   0,   0,  10,   0,   0,  16,   0,   7,   4,   5,   5,   5  // 7   
  6,   5,   6,   0,   0,  10,   0,   2,   0,   0,   0,  10,  16,  10,  10,   3,   5,   5  // 8   
  5,   5,   6,  11,  17,  12,   0,  10,   0,   1,  11,  12,  10,   2,   0,   3,   5,   5  // 9   
  5,   5,   6,  10,  10,  10,   0,   0,   0,   2,  10,   2,   0,  10,   0,   3,   5,   5  // 10   
  5,   5,   6,   0,   0,   0,   0,   0,   0,  10,   0,  10,  16,   3,   5,   5,   5,   5  // 11   
  5,   5,   6,   0,   0,   0,   0,   3,   4,   8,   0,   0,  10,   3,   5,   5,   5,   5  // 12   
  5,   6,  10,   0,   0,   2,   0,   1,  10,  10,   0,   0,   0,   3,   5,   5,   5,   5  // 13   
  5,   6,   0,   0,   0,  10,   0,  10,   0,   1,   0,   1,   0,   3,   5,   5,   5,   5  // 14   
  5,   5,   5,   5,   5,   5,   5,   5,   5,   6,   0,   2,   0,   3,   5,   5,   5,   5  // 15   
  5,   5,   6,  10,  10,  18,  10,  10,  10,  18,   0,  10,  18,   3,   5,   5,   5,   5  // 16   
  5,   5,   5,   5,   5,   5,   5,   5,   5,  50,  50,  50,  50,  50,  50,  50,  50,  50  // 17  
 

// Items

 1,  4,  4,  0,  0,    // 1 Rotator            
 1,  4,  5,  6,  0,    // 1 Rotator            
 2,  6,  5,  2,  0,    // 2 Rotator            
 3,  4, 11,  0,  0,    // 3 Rotator            
 3, 11, 12,  4,  0,    // 3 Rotator           
 7,  6,  3,  0,  0,    // 1x1 Block
13,  9,  3,  0,  0,    // 2x1 Block
 7, 12,  4,  0,  0,    // 1x1 Block
 7,  9,  6,  0,  0,    // 1x1 Block
16, 10,  6,  0,  0,    // 3x1 Block
 7,  5,  6,  0,  0,    // 1x1 Block
 7,  3,  7,  0,  0,    // 1x1 Block
13,  7,  7,  0,  0,    // 2x1 Block
19,  6, 10,  0,  0,    // 3x2 Block
 7,  4, 13,  0,  0,    // 1x1 Block
 6,  3, 16,  0,  0,    // Stairs
 0,                    // End

};

