 
uint8_t Level_19[] = {

 21, 19,       // Map Size
 10,  2,  4,   // Player Pos
  0,  0,  0,   // Player 2 Pos
  0,  0,  0,   // Player 3 Pos
  0,  0,  0,   // Player 4 Pos
  0,  0,       // X, Y Offset
  1,  1,       // Allow X, Y Scrolling

// --------------------------------------------------------------------------------------
//  Map
//  
//     1    2    3    4    5    6    7    8    9   10   11   12   13   14   15   16   17   18   19   20  

 50,  50,  50,  50,  50,  50,  50,  50,  50,  50,  50,  50,  50,  50,  50,  50,  50,  50,  50,  50,  50,   // 0    
  5,   5,   5,   4,   4,   4,   4,   4,   4,   4,   4,   4,   4,   4,   4,   4,   4,   4,   4,   5,   5,   // 1   
  5,   5,   8,  10,  10,  10,  10,  10,  10,  10,  10,  10,  10,  10,  10,  10,  10,  10,  10,   3,   5,   // 2   
  5,   6,  10,   0,   0,   0,   0,   0,   0,   0,   0,   0,   0,   0,   0,   0,   0,   0,   0,  10,   3,   // 3   
  5,   6,   0,   0,   0,   0,   0,   0,   0,   0,   0,   0,   0,   0,   0,   0,   0,   0,   0,   0,   3,   // 4   
  5,   6,   0,   0,   0,   0,   0,   0,   0,   0,   0,   0,   0,   0,   0,   0,   0,   0,   0,   0,   3,   // 5   
  5,   5,   6,   0,   0,   0,   0,   0,   0,   0,   0,   0,   0,   0,   0,   0,   0,   0,   0,   3,   5,   // 6   
  5,   5,   8,   0,   0,   0,   0,   0,   0,   0,   0,   0,   0,   0,   0,   0,   0,   0,   0,   7,   5,   // 7   
  5,   6,  10,   0,   0,   0,   0,   0,   0,   0,   0,   0,   0,   0,   0,   0,   0,   0,   0,  10,   3,   // 8   
  5,   6,   0,   0,   0,   0,   0,   0,   0,   0,   0,   0,   0,   0,   0,   0,   0,   0,   0,   0,   3,   // 9   
  5,   5,   6,   0,   0,   0,   0,   0,   0,   0,   0,   0,   0,   0,   0,   0,   0,   0,   0,   3,   5,   // 10   
  5,   5,   6,   0,   0,   0,   0,   0,   0,   0,   0,   0,   0,   0,   0,   0,   0,   0,   0,   3,   5,   // 11   
  5,   5,   6,   0,   0,   0,   0,   0,   0,   0,   0,   0,   0,   0,   0,   0,   0,   0,   0,   3,   5,   // 12   
  5,   5,   5,   5,   5,   5,   5,   5,   5,   6,   0,   3,   5,   5,   5,   5,   5,   5,   5,   5,   5,   // 13   
  5,   6,  10,  10,  10,  10,  10,  10,  10,  10,   0,  10,  10,  10,  10,  10,  10,  10,  10,  10,   3,   // 14   
  5,   6,   0,   0,   0,   0,   0,   0,   0,   0,   0,   0,   0,   0,   0,   0,   0,   0,   0,   0,   3,   // 15   
  5,   6,   0,   0,   0,   0,   0,   0,   0,   0,   0,   0,   0,   0,   0,   0,   0,   0,   0,   0,   3,   // 16   
  5,   5,   6,   0,   0,   0,   0,   0,   0,   0,   0,   0,   0,   0,   0,   0,   0,   0,   0,   3,   5,   // 17   
  5,   5,   5,   5,   5,   5,   5,   5,  50,  50,  50,  50,  50,  50,  50,  50,  50,  50,  50,  50,  50,   // 18  
 

// Items

 2,  3,  5,  6,  0,    // 5 2 Rotator       
 2, 18,  5,  0,  0,    // 5 2 Rotator         
 2,  3,  8,  2,  0,    // 5 2 Rotator           
 2, 18,  8,  4,  0,    // 5 2 Rotator         
14,  4,  3,  0,  0,    // 2x2 Block
14,  6,  3,  0,  0,    // 2x2 Block
14,  9,  3,  0,  0,    // 2x2 Block
14, 11,  3,  0,  0,    // 2x2 Block
14, 14,  3,  0,  0,    // 2x2 Block
14, 16,  3,  0,  0,    // 2x2 Block
 8,  6,  5,  0,  0,    // 1x2 Block
13,  8,  5,  0,  0,    // 1x2 Block
14, 10,  5,  0,  0,    // 2x2 Block
13, 12,  5,  0,  0,    // 1x2 Block
 8, 15,  5,  0,  0,    // 1x2 Block
14,  5,  7,  0,  0,    // 2x2 Block
14, 15,  7,  0,  0,    // 2x2 Block
13,  8,  8,  0,  0,    // 1x2 Block
14, 10,  8,  0,  0,    // 2x2 Block
13, 12,  8,  0,  0,    // 1x2 Block
14,  6,  9,  0,  0,    // 2x2 Block
14, 14,  9,  0,  0,    // 2x2 Block
14,  5, 11,  0,  0,    // 2x2 Block
14, 15, 11,  0,  0,    // 2x2 Block
14,  9, 10,  0,  0,    // 2x2 Block
14, 11, 10,  0,  0,    // 2x2 Block
 6, 10, 16,  0,  0,    // Stairs
 0,                    // End

};

